176 191 26
124 185 232
201 255 229
178 132 190
93 138 168
0 48 143
114 160 193
175 0 42
240 248 255
227 38 54
196 98 16
239 222 205
229 43 80
241 156 187
171 39 79
59 122 87
255 191 0
255 126 0
255 3 62
153 102 204
164 198 57
242 243 244
205 149 117
102 93 30
145 92 131
132 27 45
250 235 215
0 128 0
141 182 0
251 206 177
0 255 255
127 255 212
75 83 32
59 68 75
143 151 121
233 214 107
178 190 181
135 169 107
255 153 102
165 42 42
253 238 0
110 127 128
86 130 3
0 127 255
240 255 255
240 255 255
137 207 240
161 202 241
244 194 194
254 254 250
255 145 175
33 171 205
250 231 181
255 225 53
0 106 78
224 33 138
124 10 2
132 132 130
152 119 123
188 212 230
159 129 112
245 245 220
46 88 148
156 37 66
255 228 196
61 43 31
150 113 23
202 224 13
191 255 0
254 111 94
191 79 81
0 0 0
61 12 2
37 53 41
59 60 54
255 235 205
165 113 100
49 140 231
172 229 238
250 240 190
0 0 255
31 117 254
0 147 175
0 135 189
0 24 168
51 51 153
2 71 254
162 162 208
102 153 204
13 152 186
18 97 128
138 43 226
80 114 167
79 134 247
28 28 240
222 93 131
121 68 59
0 149 182
227 218 201
204 0 0
0 106 78
135 50 96
0 112 255
181 166 66
203 65 84
29 172 214
102 255 0
191 148 228
216 145 239
195 33 72
25 116 210
255 0 127
8 232 222
209 159 232
244 187 255
255 85 163
251 96 127
0 66 37
205 127 50
115 112 0
150 75 0
165 42 42
107 68 35
27 77 62
255 193 204
231 254 255
240 220 130
123 182 97
72 6 7
128 0 32
222 184 135
204 85 0
233 116 81
138 51 36
189 51 164
112 41 99
83 104 114
95 158 160
145 163 176
0 107 60
237 135 45
227 0 34
255 246 0
166 123 91
75 54 33
30 77 43
163 193 173
193 154 107
239 187 204
120 134 107
255 239 0
255 8 0
228 113 122
0 191 255
89 39 32
196 30 58
0 204 153
150 0 24
215 0 64
235 76 66
255 0 56
255 166 201
179 27 27
86 160 211
237 145 33
0 86 63
6 42 120
112 54 66
201 90 73
146 161 207
172 225 175
0 123 167
47 132 124
178 255 255
73 151 208
222 49 99
236 59 131
0 123 167
42 82 190
109 155 195
0 122 165
224 60 49
160 120 90
247 231 206
54 69 79
35 43 43
230 143 172
223 255 0
127 255 0
222 49 99
255 183 197
149 69 53
222 111 161
168 81 110
170 56 30
133 96 136
123 63 0
210 105 30
255 167 0
152 129 123
227 66 52
210 105 30
228 208 10
159 169 31
127 23 52
251 204 231
0 71 171
210 105 30
150 90 62
111 78 55
196 216 226
248 131 121
0 0 0
140 146 172
184 115 51
218 138 103
173 111 105
203 109 81
153 102 102
255 56 0
255 127 80
248 131 121
255 64 64
137 63 69
251 236 93
179 27 27
100 149 237
255 248 220
255 248 231
255 188 217
255 253 208
220 20 60
190 0 50
0 255 255
0 183 235
88 66 124
255 211 0
255 255 49
240 225 48
0 0 139
102 102 153
101 67 33
93 57 84
164 0 0
8 69 126
152 105 96
205 91 69
0 139 139
83 104 120
184 134 11
169 169 169
1 50 32
0 100 0
0 65 106
26 36 33
189 183 107
72 60 50
115 79 150
83 75 79
84 61 55
139 0 139
169 169 169
0 51 102
74 93 35
85 107 47
255 140 0
153 50 204
119 158 203
3 192 60
150 111 214
194 59 34
231 84 128
0 51 153
79 58 60
135 38 87
139 0 0
233 150 122
86 3 25
143 188 143
60 20 20
140 190 214
72 61 139
47 79 79
23 114 69
145 129 81
255 168 18
72 60 50
204 78 92
0 206 209
209 190 168
148 0 211
155 135 12
0 112 60
85 85 85
215 10 83
169 32 62
239 48 56
233 105 44
218 50 135
250 214 165
185 78 72
112 66 65
193 84 193
0 75 73
245 199 26
153 85 187
204 0 204
212 115 212
53 94 59
255 203 164
255 20 147
169 92 104
132 63 91
255 153 51
0 191 255
74 100 108
126 94 96
102 66 77
186 135 89
21 96 189
193 154 107
237 201 175
234 60 83
185 242 255
105 105 105
155 118 83
30 144 255
215 24 104
133 187 101
102 76 40
150 113 23
0 0 156
229 204 201
239 223 187
225 169 95
85 93 80
194 178 128
27 27 27
97 64 81
240 234 214
16 52 166
125 249 255
255 0 63
0 255 255
0 255 0
111 0 255
244 187 255
204 255 0
191 0 255
63 0 255
143 0 255
255 255 51
80 200 120
108 48 130
27 77 62
180 131 149
171 75 82
86 60 92
150 200 162
68 215 168
193 154 107
128 24 24
181 51 137
222 82 133
244 0 161
229 170 112
77 93 83
253 213 177
79 121 66
255 40 0
108 84 30
178 34 34
206 32 41
226 88 34
252 142 172
107 68 35
247 233 142
238 220 130
162 0 109
255 250 240
255 191 0
255 20 147
204 255 0
255 0 79
1 68 33
34 139 34
166 123 91
133 109 77
0 114 187
253 63 146
134 96 142
158 253 56
212 115 212
253 108 158
129 20 83
78 22 9
199 44 72
246 74 138
119 181 254
136 6 206
172 30 68
166 231 255
255 0 255
193 84 193
255 119 255
204 57 123
199 67 117
228 132 0
204 102 102
220 220 220
228 155 15
0 127 102
248 248 255
254 90 29
176 101 0
96 130 182
230 232 250
0 171 102
212 175 55
255 215 0
133 117 78
153 101 21
252 194 0
255 223 0
218 165 32
168 228 160
111 45 168
128 128 128
128 128 128
190 190 190
70 89 69
140 146 172
0 255 0
28 172 120
0 128 0
0 168 119
0 159 107
0 173 67
0 165 80
102 176 50
173 255 47
169 154 134
0 255 127
102 56 84
68 108 207
82 24 250
233 214 107
63 255 0
201 0 22
218 145 0
128 128 0
223 115 255
170 152 169
244 0 161
240 255 240
0 109 176
73 121 107
255 29 206
255 105 180
53 94 59
113 166 210
252 247 94
49 145 119
96 47 107
0 35 149
102 2 60
237 41 57
178 236 93
76 81 109
19 136 8
205 92 92
227 168 87
111 0 255
9 31 146
75 0 130
0 47 167
255 79 0
186 22 12
192 54 44
90 79 207
179 68 108
244 240 236
0 144 0
178 255 255
255 255 240
0 168 107
157 41 51
38 67 72
91 50 86
248 222 126
215 59 62
165 11 94
218 97 78
52 52 52
244 202 22
138 185 241
189 218 87
41 171 135
76 187 23
124 28 5
58 176 158
195 176 145
240 230 140
136 45 23
231 159 196
53 66 48
232 0 13
8 120 48
214 202 221
38 97 156
255 255 102
169 186 157
207 16 32
181 126 220
230 230 250
204 204 255
255 240 245
196 195 208
148 87 235
238 130 238
230 230 250
251 174 210
150 123 182
251 160 227
124 252 0
255 247 0
255 250 205
204 160 29
253 255 0
227 255 0
246 234 190
255 244 79
26 17 16
84 90 167
253 213 177
173 216 230
181 101 29
230 103 113
240 128 128
147 204 234
245 105 145
224 255 255
255 92 205
200 173 127
249 132 239
250 250 210
211 211 211
144 238 144
255 179 222
240 230 140
211 155 203
173 223 173
230 168 215
177 156 217
255 182 193
233 116 81
255 160 122
255 153 153
32 178 170
135 206 250
119 136 153
176 196 222
179 139 109
230 143 172
255 255 224
200 162 200
191 255 0
0 255 0
50 205 50
157 194 9
25 89 5
250 240 230
193 154 107
222 111 161
108 160 220
103 76 71
184 109 41
108 46 31
152 116 86
102 153 204
255 228 205
230 32 32
255 0 255
255 85 163
202 31 123
208 65 126
255 0 144
159 69 118
170 240 209
248 244 255
192 64 0
251 236 93
96 80 220
11 218 81
151 154 170
255 130 67
116 195 101
136 0 133
195 33 72
128 0 0
176 48 96
224 176 255
145 95 109
239 152 170
76 145 65
115 194 251
229 183 59
102 221 170
0 0 205
226 6 44
175 64 53
243 229 171
3 80 150
28 53 45
221 160 221
186 85 211
0 103 165
147 112 219
187 51 133
170 64 105
60 179 113
128 218 235
123 104 238
201 220 135
0 250 154
103 76 71
72 209 204
121 68 59
217 96 59
199 21 133
248 184 120
248 222 126
253 188 180
10 126 140
156 124 56
228 0 124
25 25 112
0 73 83
255 196 12
227 249 136
62 180 137
245 255 250
152 255 152
255 228 225
250 235 215
150 113 23
115 169 194
174 12 0
138 154 91
48 186 143
153 122 141
24 69 59
48 96 48
197 75 140
255 219 88
49 120 115
246 173 198
42 128 0
250 218 94
255 222 173
0 0 128
148 87 235
255 163 67
254 65 100
57 255 20
33 79 198
215 131 127
164 221 237
5 144 51
233 255 219
0 119 190
204 119 34
0 128 0
67 48 46
207 181 59
86 60 92
253 245 230
121 104 120
103 49 71
134 126 54
192 128 129
132 132 130
128 128 0
107 142 35
60 52 31
154 185 115
53 56 57
183 132 167
255 127 0
255 117 56
255 88 0
251 153 2
255 165 0
255 159 0
255 69 0
218 112 214
242 189 205
251 79 20
101 67 33
65 74 76
255 110 74
0 33 71
153 0 0
0 102 0
39 59 226
104 40 96
188 212 230
175 238 238
152 118 84
175 64 53
155 196 226
221 173 175
218 138 103
171 205 239
230 190 138
238 232 170
152 251 152
220 208 255
249 132 229
250 218 221
221 160 221
219 112 147
150 222 209
201 192 187
236 235 189
188 152 126
175 238 238
219 112 147
120 24 74
0 155 125
255 239 213
230 62 98
80 200 120
174 198 207
131 105 83
207 207 196
119 221 119
244 154 194
255 179 71
222 165 164
179 158 181
255 105 97
203 153 201
253 253 150
128 0 128
83 104 120
255 229 180
255 203 164
255 204 153
255 218 185
250 223 173
209 226 49
234 224 200
136 216 192
183 104 162
230 226 0
204 204 255
28 57 187
0 166 147
50 18 122
217 144 88
247 127 190
112 28 28
204 51 51
254 40 162
236 88 0
205 133 63
223 0 255
0 15 137
18 53 36
69 177 232
195 11 78
253 221 230
1 121 111
86 60 92
255 192 203
215 72 148
255 221 244
216 178 209
255 153 102
231 172 207
247 143 167
147 197 114
229 228 226
142 69 133
221 160 221
134 96 142
190 79 98
255 90 54
176 224 230
245 128 37
112 28 28
0 49 83
223 0 255
204 136 153
114 47 55
100 65 23
255 117 24
128 0 128
159 0 197
160 32 240
105 53 156
150 120 182
78 81 128
254 78 218
80 64 77
154 78 174
81 72 79
67 107 149
232 204 215
142 58 89
93 138 168
255 53 94
251 171 96
227 11 93
145 95 109
226 80 152
179 68 108
130 102 68
255 51 204
227 37 107
141 78 133
255 0 0
238 32 77
242 0 60
196 2 51
237 41 57
237 28 36
254 39 18
165 42 42
134 1 17
255 83 73
228 0 120
199 21 133
164 90 82
82 45 128
0 35 135
119 118 150
0 64 64
241 167 254
215 0 64
8 146 208
167 107 207
182 102 210
176 48 96
68 76 56
112 66 65
0 204 204
138 127 128
131 137 150
255 0 127
249 66 158
103 72 70
183 110 121
227 38 54
255 102 204
170 152 169
194 30 86
144 93 93
171 78 82
101 0 11
212 0 0
188 143 143
0 56 168
0 35 102
65 105 225
202 44 146
120 81 169
250 218 94
206 70 118
209 0 86
224 17 95
155 17 30
255 0 40
187 101 40
225 142 150
168 28 7
128 70 27
103 146 103
50 23 77
183 65 14
218 44 67
0 86 63
139 69 19
255 103 0
238 210 2
244 196 48
188 184 138
35 41 122
250 128 114
255 145 164
194 178 128
150 113 23
236 213 64
244 164 96
150 113 23
146 0 10
80 125 42
15 82 186
0 103 165
203 161 53
255 36 0
253 14 53
255 145 175
255 216 0
118 255 122
0 105 148
46 139 87
50 20 20
255 245 238
255 186 0
112 66 20
138 121 93
119 139 165
255 207 241
0 158 96
143 212 0
217 134 149
252 15 192
255 111 255
136 45 23
192 192 192
172 172 172
93 137 186
196 174 173
191 193 194
203 65 11
0 116 116
135 206 235
207 113 175
106 90 205
112 128 144
0 51 153
200 65 134
115 130 118
147 61 65
16 12 8
255 250 250
206 200 239
137 56 67
117 117 117
158 19 22
29 41 81
128 117 50
0 112 184
209 0 71
229 26 76
152 152 152
0 145 80
232 97 0
247 191 190
230 0 38
0 255 255
76 40 130
0 127 92
15 192 252
167 252 0
0 255 127
0 123 184
70 130 180
204 51 204
250 218 94
153 0 0
79 102 106
228 217 111
252 90 141
255 204 51
227 171 87
250 214 165
253 94 83
207 107 169
210 180 140
249 77 0
242 133 0
255 204 0
228 113 122
72 60 50
139 133 137
208 240 192
248 131 121
244 194 194
0 128 128
54 117 136
153 230 179
0 130 127
207 52 118
205 87 0
226 114 91
216 191 216
222 111 161
252 137 172
10 186 181
224 141 60
219 215 210
238 230 0
255 99 71
116 108 192
255 200 124
253 14 53
128 128 128
0 117 94
0 115 207
65 125 193
255 135 141
222 170 136
181 114 129
64 224 208
0 255 239
160 214 180
250 214 165
111 78 55
124 72 72
166 123 91
192 153 153
138 73 107
102 2 60
0 51 170
217 0 76
136 120 195
83 104 149
255 179 0
60 208 112
18 10 143
65 102 245
255 111 255
252 108 133
99 81 71
255 221 202
91 146 229
183 135 39
255 255 102
1 68 33
123 17 19
174 32 41
225 173 33
0 79 152
153 0 0
255 204 0
247 127 0
211 0 63
243 229 171
243 143 169
197 179 88
200 8 21
67 179 174
227 66 52
217 56 30
160 32 240
143 0 255
127 0 255
134 1 175
238 130 238
50 74 178
247 83 148
64 130 109
0 150 152
124 158 217
146 39 36
159 29 53
218 29 129
204 0 255
0 204 255
255 160 137
159 0 255
0 66 66
164 244 249
100 84 82
245 222 179
255 255 255
245 245 245
162 173 208
212 112 162
255 67 164
252 108 133
253 88 0
167 85 2
114 47 55
103 49 71
201 160 220
193 154 107
115 134 120
15 77 146
28 40 65
255 255 0
252 232 131
239 204 0
255 211 0
254 223 0
255 239 0
254 254 51
154 205 50
255 174 66
255 240 0
0 20 168
44 22 8
57 167 142
0 0 128
0 0 200
0 7 65
0 27 28
0 41 0
0 46 32
0 51 102
0 51 153
0 53 50
0 62 64
0 70 32
0 72 22
0 73 80
0 86 167
0 88 26
0 102 204
0 102 255
0 118 163
0 123 167
0 126 199
0 127 255
0 157 196
0 204 204
0 255 0
0 255 255
1 13 26
1 22 53
1 29 19
1 39 49
1 54 28
1 55 26
1 62 98
1 63 106
1 75 67
1 94 133
1 97 98
1 109 57
1 121 135
1 130 107
1 163 104
2 45 21
2 64 44
2 71 142
2 78 70
2 99 149
2 134 111
2 164 211
3 22 60
3 43 82
3 106 110
4 16 4
4 19 34
4 46 76
4 64 34
4 66 89
5 16 64
5 22 87
5 89 137
5 111 87
6 53 55
6 155 129
6 161 137
7 58 80
8 1 16
8 25 16
8 37 103
8 131 112
9 34 86
9 35 15
9 37 93
9 54 36
9 88 89
9 127 75
10 0 28
10 72 13
10 105 6
10 111 117
11 11 11
11 15 8
11 17 7
11 19 4
11 98 7
12 11 29
12 13 15
12 25 17
12 122 121
12 137 144
13 3 50
13 17 23
13 28 25
13 46 28
14 14 24
14 42 48
15 45 158
16 18 29
16 20 5
16 88 82
17 12 108
18 52 71
18 107 64
19 0 0
19 10 6
19 38 77
19 79 25
20 6 0
20 80 170
21 31 76
21 115 107
22 25 40
22 29 16
22 42 64
22 50 34
22 50 44
22 53 49
23 31 4
23 85 121
24 45 9
24 88 122
25 51 14
25 55 81
25 89 168
26 26 104
26 179 133
27 2 69
27 16 53
27 18 123
27 20 4
27 47 17
27 49 98
27 101 157
28 18 8
28 30 19
28 64 46
28 124 125
29 97 66
30 15 4
30 22 9
30 23 8
30 56 91
30 67 60
30 154 176
31 18 15
31 194 194
32 32 141
32 46 84
32 72 82
33 26 14
34 8 120
34 139 34
35 52 24
36 10 64
36 12 2
36 42 29
36 46 22
36 80 15
37 22 7
37 23 6
37 31 79
37 39 44
37 49 28
37 150 209
38 3 104
38 5 106
38 17 5
38 20 20
38 35 53
38 40 59
39 58 129
39 80 75
39 138 91
40 30 21
40 58 119
40 106 205
41 12 94
41 33 48
41 35 25
41 41 55
41 123 154
42 3 89
42 20 14
42 38 48
42 56 11
43 2 2
43 25 79
43 50 40
44 14 140
44 22 50
44 33 51
44 140 132
45 37 16
45 56 58
45 86 155
46 3 41
46 25 5
46 50 34
46 63 98
46 191 212
47 39 14
47 60 179
47 81 158
47 90 87
47 97 104
48 5 41
48 31 30
48 42 15
48 75 106
48 213 200
49 28 23
49 68 89
49 91 161
49 114 141
49 125 130
50 41 58
50 50 50
50 93 82
50 124 20
50 125 160
51 3 107
51 41 47
51 204 153
52 21 21
53 0 54
53 14 66
53 14 87
53 53 66
53 78 140
54 48 80
54 53 52
54 60 13
54 116 125
54 135 22
55 2 2
55 29 9
55 41 14
55 48 33
55 116 117
56 4 116
56 26 81
56 53 51
56 69 85
56 73 16
57 72 81
57 100 19
58 0 32
58 32 16
58 42 106
58 104 108
58 106 71
59 0 11
59 9 16
59 31 31
59 40 32
59 145 180
60 8 120
60 18 6
60 31 118
60 32 5
60 57 16
60 65 81
60 68 67
60 73 58
61 12 2
61 125 82
62 4 128
62 28 20
62 43 35
62 44 28
62 58 68
62 171 191
63 33 9
63 37 0
63 48 2
63 48 127
63 76 58
63 88 59
63 93 83
63 193 170
64 24 1
64 41 29
64 59 56
64 61 25
64 81 105
64 168 96
65 0 86
65 31 16
65 32 16
65 60 55
65 66 87
65 76 125
65 170 120
66 3 3
66 57 33
66 121 119
67 21 96
67 49 32
67 62 55
67 76 89
67 106 13
68 1 45
68 29 0
68 73 84
69 73 54
69 108 172
70 11 65
70 36 37
70 89 69
72 4 4
72 6 86
72 28 28
72 49 49
73 23 12
73 38 21
73 55 27
73 84 0
73 102 121
73 113 131
74 42 4
74 48 4
74 60 48
74 66 68
74 68 75
74 78 90
75 0 130
75 93 82
76 48 36
76 79 86
77 1 53
77 10 24
77 30 1
77 40 45
77 40 46
77 56 51
77 61 20
77 64 15
77 83 40
78 6 6
78 42 90
78 59 65
78 66 12
78 69 98
78 102 73
78 127 158
78 171 209
79 28 112
79 35 152
79 105 198
79 157 93
79 168 61
80 67 81
80 112 150
80 118 114
81 70 73
81 110 61
81 124 102
81 128 143
82 0 31
82 12 23
82 60 148
83 52 85
83 68 145
83 130 75
84 16 18
84 67 51
84 83 77
84 144 25
85 40 12
85 91 16
85 109 86
85 144 217
86 180 190
87 131 99
88 52 1
88 85 98
88 113 86
88 154 175
89 29 53
89 40 4
89 55 55
89 68 51
90 110 156
90 135 160
91 48 19
92 1 32
92 5 54
92 46 1
92 93 117
93 30 15
93 76 81
93 92 88
93 94 55
93 119 71
93 161 159
94 72 62
94 93 59
95 61 38
95 95 110
95 102 114
95 167 119
95 179 172
96 73 19
96 91 115
96 110 104
96 147 209
97 39 24
97 93 48
97 132 95
98 47 48
98 63 45
98 78 154
98 81 25
98 102 73
99 154 143
99 183 108
100 86 183
100 96 119
100 100 99
100 106 84
100 110 117
100 204 219
101 26 20
101 45 193
101 114 32
101 116 93
101 134 159
102 0 69
102 0 153
102 16 16
102 181 143
102 255 102
103 3 45
103 95 166
103 102 98
103 137 117
103 167 18
104 54 0
104 85 88
104 94 110
105 37 69
105 45 84
105 95 98
105 126 154
106 68 46
106 93 27
106 96 81
107 42 20
107 63 160
107 78 49
107 87 85
107 139 162
107 142 35
108 218 231
109 1 1
109 94 84
109 108 108
109 146 146
109 146 161
110 9 2
110 29 20
110 72 38
110 75 38
110 109 87
110 119 131
111 68 12
111 106 97
111 142 99
111 157 2
111 208 197
112 74 7
112 79 80
112 101 85
113 26 0
113 41 29
113 70 147
113 74 178
113 93 71
113 99 56
113 107 86
113 110 16
113 116 134
113 128 128
113 217 226
114 1 15
114 74 47
114 109 78
114 123 137
115 30 143
115 74 18
115 108 159
115 109 88
115 120 41
116 100 13
116 125 99
116 125 131
116 136 129
116 147 120
117 90 87
117 99 168
118 57 93
118 102 198
118 189 23
118 215 234
119 15 5
119 31 31
119 63 26
119 111 97
119 129 32
119 158 134
120 1 9
120 45 25
120 47 22
120 138 37
120 139 186
120 163 156
121 93 76
121 105 137
121 106 120
121 109 98
121 222 236
122 1 58
122 88 193
122 122 122
122 137 184
122 196 136
123 56 1
123 63 0
123 102 8
123 120 116
123 124 148
123 130 101
123 159 128
123 160 91
124 118 49
124 119 138
124 123 122
124 123 130
124 136 26
124 161 166
124 176 161
124 183 187
125 44 20
125 169 141
125 200 247
125 216 198
126 58 21
127 58 2
127 98 109
127 117 137
127 118 211
127 255 0
128 0 0
128 11 71
128 52 31
128 55 144
128 126 121
128 179 174
128 179 196
128 204 234
129 66 44
129 110 113
129 115 119
129 152 133
130 111 101
130 134 133
130 143 114
131 25 35
131 112 80
131 170 93
131 208 198
132 49 121
132 160 160
133 129 217
133 132 112
133 159 175
133 196 204
134 60 60
134 72 60
134 77 30
134 86 10
134 137 116
134 148 159
135 21 80
135 117 110
135 124 123
135 141 145
135 171 57
136 83 66
136 98 33
136 131 135
136 141 101
137 52 86
137 67 103
137 125 109
138 115 214
138 131 96
138 131 137
138 143 138
139 0 255
139 7 35
139 107 11
139 132 112
139 132 126
139 134 128
139 156 144
139 159 238
139 166 144
139 169 165
139 230 216
140 5 94
140 71 47
140 87 56
140 100 149
141 2 38
141 61 56
141 63 63
141 118 98
141 137 116
141 144 161
141 168 204
142 0 0
142 77 30
142 111 112
142 119 94
142 129 144
142 171 193
143 2 28
143 62 51
143 75 14
143 129 118
143 214 180
144 0 32
144 30 30
144 120 116
144 123 113
144 141 57
146 67 33
146 111 91
146 133 115
146 133 144
147 204 234
147 223 184
148 71 71
148 135 113
149 0 21
149 99 135
149 147 150
150 75 0
150 112 89
150 120 182
150 168 161
150 187 171
151 96 93
151 113 181
151 205 45
152 61 97
152 116 211
152 129 27
152 141 119
153 0 102
153 17 153
153 22 19
153 27 7
153 153 204
154 56 32
154 110 97
154 149 119
154 194 184
155 71 3
155 158 143
156 51 54
157 86 22
157 172 183
157 194 9
157 224 147
157 229 255
158 83 2
158 91 64
158 165 135
158 169 31
158 177 205
158 222 224
159 56 29
159 130 28
159 159 156
159 160 177
159 215 211
159 221 140
160 39 18
161 117 13
161 173 181
161 197 10
161 218 215
161 233 222
162 59 108
162 102 69
162 170 179
162 174 171
163 128 123
163 151 180
163 227 237
164 164 157
164 166 211
164 175 110
165 155 145
165 203 12
166 47 32
166 85 41
166 139 91
166 146 121
166 162 154
167 37 37
167 136 44
168 83 7
168 101 21
168 107 107
168 152 155
168 153 230
168 165 137
168 174 156
168 175 142
168 189 159
168 227 189
169 164 145
169 172 182
169 178 195
169 180 151
169 189 191
169 190 242
169 198 194
170 55 90
170 66 3
170 139 91
170 141 111
170 165 169
170 169 205
170 171 183
170 214 230
171 5 99
171 52 114
171 145 122
171 160 217
171 161 150
172 138 86
172 145 206
172 158 34
172 164 148
172 165 134
172 165 159
172 183 142
172 203 177
172 221 77
173 120 27
173 190 209
173 223 173
173 230 196
173 255 47
174 69 96
174 96 32
174 128 158
175 77 67
175 89 62
175 135 81
175 143 44
175 159 28
175 160 158
175 177 184
175 189 217
176 76 106
176 93 84
176 94 129
176 102 8
176 154 149
176 227 19
177 0 0
177 74 11
177 97 11
177 109 82
177 148 97
177 226 193
177 244 231
178 9 49
178 161 234
179 45 41
179 82 19
179 128 7
179 175 149
179 193 16
180 51 50
180 70 104
180 207 211
181 126 220
181 162 127
181 179 92
181 210 206
181 236 223
182 49 108
182 157 152
182 176 149
182 186 164
182 209 234
182 211 191
183 142 92
183 162 20
183 164 88
183 177 177
183 195 208
183 240 190
184 17 4
184 181 106
184 193 177
184 194 93
184 224 249
185 78 72
185 81 64
185 141 40
185 196 106
185 200 172
186 1 1
186 69 12
186 111 30
186 127 3
186 177 162
186 199 201
186 238 249
187 51 133
187 137 131
187 208 9
187 215 193
188 201 194
189 94 46
189 151 142
189 177 168
189 178 161
189 179 199
189 187 215
189 189 198
189 200 179
189 201 206
189 237 253
190 166 195
190 181 183
190 222 13
191 85 0
191 184 176
191 190 216
191 201 33
191 219 226
191 255 0
192 43 24
192 71 55
192 211 185
192 216 182
193 68 14
193 84 193
193 160 4
193 183 164
193 186 176
193 190 205
193 215 176
193 240 124
194 107 3
194 149 93
194 189 182
194 202 196
194 232 229
195 33 72
195 176 145
195 191 193
195 195 189
195 205 230
195 209 209
195 221 249
196 86 85
196 87 25
196 196 188
196 208 176
196 244 235
197 153 34
197 153 75
197 219 202
197 225 122
198 45 66
198 114 107
198 145 145
198 168 75
198 195 181
198 200 189
198 230 16
199 3 30
199 21 133
199 188 162
199 193 255
199 196 191
199 201 213
199 205 144
199 221 229
200 138 101
200 165 40
200 170 191
200 181 104
200 227 215
201 99 35
201 148 21
201 160 220
201 178 155
201 179 91
201 185 59
201 192 187
201 217 210
201 255 162
202 52 53
202 187 72
202 220 212
202 230 218
203 143 169
203 202 182
203 211 176
203 219 214
204 202 168
205 87 0
205 92 92
205 132 41
205 244 255
206 185 143
206 186 186
206 194 145
206 199 167
207 163 157
207 220 207
207 229 210
207 249 243
207 250 244
208 95 4
208 109 161
208 125 18
208 190 248
208 192 229
209 143 27
209 190 168
209 198 180
209 210 202
209 210 221
210 105 30
210 125 70
210 158 170
210 218 151
210 246 222
210 248 176
211 203 186
211 205 197
212 116 148
212 182 175
212 191 141
212 196 168
212 205 22
212 215 217
212 223 226
212 226 252
213 70 0
213 145 164
213 154 111
213 209 149
213 246 227
214 145 136
214 197 98
214 206 246
214 214 209
214 255 219
215 196 152
215 208 255
216 68 55
216 124 99
216 194 213
216 252 250
217 73 114
217 147 118
217 185 155
217 214 207
217 220 193
217 228 245
217 247 255
218 50 135
218 91 56
218 99 4
218 106 65
218 138 103
218 165 32
218 236 214
218 244 240
218 250 255
219 80 121
219 150 144
219 153 94
219 219 219
219 255 248
220 67 51
220 178 12
220 180 188
220 215 71
220 217 210
220 221 204
220 237 180
220 240 234
221 214 213
221 249 241
222 49 99
222 99 96
222 166 129
222 186 19
222 193 150
222 203 198
222 212 164
222 215 23
222 229 192
222 245 255
223 190 111
223 205 111
223 207 219
223 236 218
223 255 0
224 182 70
224 185 116
224 192 149
224 255 255
225 104 101
225 188 100
225 192 200
225 230 214
225 234 212
225 246 232
226 84 101
226 114 91
226 137 19
226 146 192
226 148 24
226 156 210
226 216 237
226 235 237
226 243 236
227 11 92
227 190 190
227 245 225
228 118 152
228 194 213
228 207 222
228 209 192
228 212 34
228 213 183
228 214 155
228 246 231
228 255 209
229 132 27
229 215 189
229 216 175
229 224 225
229 229 229
229 249 246
230 78 3
230 190 138
230 190 165
230 215 185
230 228 212
230 242 234
230 248 243
230 255 233
230 255 255
231 114 0
231 115 10
231 159 140
231 188 180
231 191 5
231 205 140
231 236 230
231 248 255
232 153 40
232 185 179
232 224 213
232 235 224
232 241 212
232 242 235
232 245 242
233 110 0
233 124 7
233 206 205
233 215 90
233 227 227
233 248 237
233 255 253
234 136 168
234 174 105
234 179 59
234 198 116
234 218 184
234 232 212
234 246 238
234 246 255
234 249 245
234 255 254
235 147 115
235 194 175
236 169 39
236 197 78
236 199 238
236 205 185
236 224 144
236 235 189
236 235 206
236 242 69
237 10 63
237 122 28
237 152 158
237 179 129
237 205 171
237 220 177
237 234 153
237 245 221
237 245 245
237 246 255
237 249 241
237 252 132
238 193 190
238 215 148
238 217 196
238 222 218
238 227 173
238 238 232
238 239 120
238 240 200
238 240 243
238 243 195
238 244 222
238 246 247
238 253 255
238 255 154
238 255 226
239 134 63
239 239 239
239 242 243
240 145 169
240 213 45
240 219 125
240 226 236
240 230 140
240 238 253
240 238 255
240 252 234
241 130 0
241 155 171
241 231 136
241 233 210
241 233 255
241 238 193
241 241 241
241 247 242
241 255 173
241 255 200
242 85 42
242 195 178
242 242 242
242 250 250
243 71 35
243 173 22
243 214 157
243 217 223
243 231 187
243 233 229
243 237 207
243 251 98
243 251 212
243 255 216
244 216 28
244 235 211
244 242 238
244 244 244
244 248 255
245 117 132
245 200 92
245 201 153
245 213 160
245 231 162
245 231 226
245 233 211
245 237 239
245 243 229
245 251 61
245 255 190
246 83 166
246 164 201
246 240 230
246 247 247
246 255 220
247 70 138
247 119 3
247 182 104
247 200 218
247 219 230
247 242 225
247 245 250
247 250 247
248 184 83
248 195 223
248 217 233
248 219 157
248 221 92
248 228 191
248 240 232
248 246 241
248 247 220
248 247 252
248 248 247
248 249 156
248 250 205
248 253 211
249 90 97
249 191 88
249 224 237
249 228 188
249 230 99
249 230 244
249 234 243
249 248 228
249 255 139
249 255 246
250 120 20
250 157 90
250 211 162
250 223 173
250 230 0
250 234 185
250 236 204
250 243 240
250 247 214
250 250 250
250 253 228
250 255 164
251 137 137
251 161 41
251 172 19
251 178 163
251 190 218
251 206 177
251 231 178
251 232 112
251 233 108
251 234 140
251 236 93
251 249 249
251 255 186
252 128 165
252 156 29
252 192 30
252 214 103
252 217 23
252 218 152
252 244 208
252 244 220
252 248 247
252 251 243
252 254 218
252 255 231
252 255 249
253 14 53
253 91 120
253 123 51
253 124 7
253 159 162
253 215 228
253 225 220
253 226 149
253 233 16
253 246 211
253 247 173
253 254 184
253 255 213
254 76 64
254 157 4
254 169 4
254 186 173
254 211 60
254 216 93
254 219 141
254 229 172
254 235 243
254 239 206
254 240 236
254 242 199
254 243 216
254 244 204
254 244 219
254 244 248
254 245 241
254 247 222
254 248 226
254 248 255
254 249 227
254 252 237
255 0 204
255 0 255
255 51 153
255 63 52
255 77 0
255 79 0
255 96 55
255 102 0
255 102 255
255 104 31
255 107 83
255 111 255
255 112 52
255 125 7
255 127 0
255 140 105
255 144 0
255 145 15
255 145 164
255 153 51
255 153 128
255 158 44
255 160 0
255 161 148
255 165 0
255 171 129
255 176 172
255 177 179
255 179 31
255 181 85
255 183 213
255 185 123
255 189 95
255 192 168
255 195 192
255 201 1
255 203 164
255 204 92
255 204 153
255 205 140
255 209 220
255 210 183
255 211 140
255 215 0
255 216 217
255 220 214
255 221 175
255 221 205
255 221 207
255 222 179
255 225 223
255 225 242
255 226 197
255 229 160
255 230 199
255 231 114
255 234 200
255 234 212
255 236 19
255 237 188
255 238 216
255 239 161
255 239 193
255 239 236
255 240 219
255 241 79
255 241 181
255 241 216
255 241 238
255 241 249
255 243 157
255 243 241
255 244 110
255 244 206
255 244 221
255 244 224
255 244 232
255 244 243
255 245 238
255 245 243
255 246 212
255 246 223
255 246 245
255 248 209
255 249 226
255 249 230
255 250 244
255 251 220
255 251 249
255 252 153
255 252 234
255 252 238
255 253 230
255 253 232
255 253 243
255 253 244
255 254 225
255 254 236
255 254 240
255 254 246
255 254 253
255 255 153
255 255 180
